# QGIS Color Map File
# Value, R, G, B, Alpha, Label
-550, 4, 180, 230, 255, -550 nT (Bajo Extremo)
-500, 90, 196, 234, 255, -500 nT
-450, 130, 207, 235, 255, -450 nT
-400, 166, 215, 226, 255, -400 nT
-350, 203, 232, 221, 255, -350 nT
-300, 223, 239, 222, 255, -300 nT
-250, 227, 242, 231, 255, -250 nT
-200, 240, 247, 231, 255, -200 nT
-150, 255, 252, 223, 255, -150 nT
-100, 255, 251, 210, 255, -100 nT
-50, 255, 238, 188, 255, -50 nT
0, 255, 228, 184, 255, 0 nT
50, 253, 209, 176, 255, 50 nT
100, 250, 173, 124, 255, 100 nT
125, 248, 155, 92, 255, 125 nT
150, 245, 131, 69, 255, 150 nT (Alto Magnético)
